1, 2, 1, '15-Oct-2021', 15000.0
2, 4, 2, '28-Nov-2022', 16000.0
3, 6, 3, '12-Nov-2022', 20000.0
4, 8, 4, '21-Nov-2019', 14000.0
5, 10, 5, '14-Oct-2023', 15500.0
6, 12, 6, '22-Oct-2022', 22000.0
7, 14, 7, '30-Oct-2022', 17500.0
8, 16, 8, '25-Jan-2023', 25000.0
9, 18, 9, '08-Sep-2022', 28000.0
10, 20, 10, '23-Jan-2023', 13000.0
11, 21, 11, '21-Oct-2022', 26000.0
12, 23, 12, '09-Sep-2023', 24000.0
13, 26, 13, '26-Jan-2023', 23000.0
14, 2, 14, '08-Feb-2019', 30000.0
15, 32, 15, '22-Nov-2023', 26500.0
16, 34, 16, '04-Sep-2022', 21000.0
17, 35, 17, '08-Jan-2023', 29000.0
18, 37, 18, '15-Apr-2023', 21500.0
19, 40, 19, '18-Feb-2019', 32000.0
20, 41, 20, '02-Jan-2023', 25000.0
21, 44, 21, '10-Sep-2022', 23500.0
22, 47, 22, '06-Nov-2022', 34000.0
48, 105, 23, '10-Sep-2023', 31000.0
49, 108, 24, '13-Jan-2019', 33000.0
50, 111, 25, '16-Dec-2023', 28000.0
51, 114, 26, '16-Dec-2022', 26500.0
52, 115, 27, '12-Jan-2023', 24500.0
53, 116, 28, '19-Dec-2022', 27000.0
54, 119, 29, '06-Nov-2018', 23000.0
55, 122, 30, '05-Dec-2022', 20000.0
56, 124, 31, '04-Sep-2022', 80000.0
57, 126, 32, '14-Dec-2022', 30000.0
58, 128, 33, '08-Oct-2022', 35000.0
59, 130, 34, '01-Mar-2019', 40000.0
60, 132, 35, '10-Nov-2022', 70000.0
61, 135, 36, '22-Oct-2022', 75000.0
62, 137, 37, '02-Jan-2023', 45000.0
63, 140, 38, '17-Nov-2022', 40000.0
64, 142, 39, '09-Oct-2019', 50000.0
65, 144, 40, '19-Dec-2023', 30000.0
66, 146, 41, '29-Sep-2022', 47763.4615384615
67, 149, 42, '12-Nov-2022', 48618.3864915572
68, 152, 43, '29-Dec-2022', 49473.311444653
69, 155, 44, '02-Mar-2018', 50328.2363977486
70, 158, 45, '28-Nov-2022', 51183.1613508442
71, 161, 46, '21-Oct-2022', 52038.0863039399
72, 163, 47, '21-Jan-2023', 52893.0112570356
73, 164, 48, '23-Jan-2023', 53747.9362101313
74, 166, 49, '12-Feb-2019', 54602.861163227
75, 168, 50, '25-Nov-2022', 55457.7861163227
76, 171, 51, '11-Oct-2022', 56312.7110694184
77, 174, 52, '13-Dec-2022', 57167.636022514
78, 176, 53, '01-Dec-2022', 58022.5609756097
79, 178, 54, '09-Apr-2019', 58877.4859287054
80, 179, 55, '24-Jan-2023', 59732.4108818011
81, 182, 56, '27-Sep-2019', 60587.3358348968
82, 184, 57, '28-Dec-2022', 61442.2607879924
83, 187, 58, '28-Dec-2022', 62297.1857410881
84, 188, 59, '16-Nov-2018', 63152.1106941839
85, 190, 60, '23-Jan-2023', 64007.0356472795
86, 194, 61, '08-Oct-2022', 64861.9606003752
87, 195, 62, '27-Jan-2023', 65716.8855534709
88, 196, 63, '22-Nov-2022', 66571.8105065666
89, 198, 64, '03-Jan-2019', 67426.7354596622
90, 199, 65, '20-Jan-2023', 68281.6604127579
91, 2, 66, '16-Oct-2019', 69136.5853658537
92, 2, 67, '28-Dec-2022', 69991.5103189493
93, 2, 68, '30-Nov-2022', 70846.435272045
94, 2, 69, '17-Jan-2019', 71701.3602251407
95, 2, 70, '01-Jan-2023', 72556.2851782364
96, 2, 71, '29-Sep-2019', 73411.210131332
97, 2, 72, '17-Jan-2023', 74266.1350844277
98, 2, 73, '09-Dec-2022', 75121.0600375234
99, 2, 74, '22-Feb-2018', 75975.9849906192
100, 2, 75, '02-Jan-2023', 76830.9099437148